(kicad_pcb (version 4) (host pcbnew 4.0.1-stable)

  (general
    (links 285)
    (no_connects 4)
    (area 3.222599 45.909999 147.090001 207.277401)
    (thickness 1.6002)
    (drawings 10)
    (tracks 3824)
    (zones 0)
    (modules 124)
    (nets 132)
  )

  (page A4)
  (layers
    (0 F.Cu signal)
    (31 B.Cu signal)
    (34 B.Paste user)
    (35 F.Paste user)
    (36 B.SilkS user)
    (37 F.SilkS user)
    (38 B.Mask user)
    (39 F.Mask user)
    (40 Dwgs.User user)
    (41 Cmts.User user)
    (44 Edge.Cuts user)
  )

  (setup
    (last_trace_width 0.1524)
    (user_trace_width 0.254)
    (user_trace_width 0.635)
    (user_trace_width 1.016)
    (trace_clearance 0.1524)
    (zone_clearance 0.2)
    (zone_45_only yes)
    (trace_min 0.1524)
    (segment_width 0.2)
    (edge_width 0.15)
    (via_size 0.6858)
    (via_drill 0.3302)
    (via_min_size 0.6858)
    (via_min_drill 0.3302)
    (uvia_size 0.762)
    (uvia_drill 0.508)
    (uvias_allowed no)
    (uvia_min_size 0)
    (uvia_min_drill 0)
    (pcb_text_width 0.3)
    (pcb_text_size 1.5 1.5)
    (mod_edge_width 0.15)
    (mod_text_size 1 1)
    (mod_text_width 0.15)
    (pad_size 2.2 0.61)
    (pad_drill 0)
    (pad_to_mask_clearance 0.0508)
    (solder_mask_min_width 0.1016)
    (aux_axis_origin 12.015 197.985)
    (grid_origin 12.015 197.985)
    (visible_elements 7FFFFF7F)
    (pcbplotparams
      (layerselection 0x0000c_00000000)
      (usegerberextensions false)
      (excludeedgelayer true)
      (linewidth 0.100000)
      (plotframeref false)
      (viasonmask false)
      (mode 1)
      (useauxorigin true)
      (hpglpennumber 1)
      (hpglpenspeed 20)
      (hpglpendiameter 15)
      (hpglpenoverlay 2)
      (psnegative false)
      (psa4output false)
      (plotreference true)
      (plotvalue true)
      (plotinvisibletext false)
      (padsonsilk false)
      (subtractmaskfromsilk false)
      (outputformat 1)
      (mirror false)
      (drillshape 0)
      (scaleselection 1)
      (outputdirectory Gerbs/))
  )

  (net 0 "")
  (net 1 GND)
  (net 2 /Charge/2S)
  (net 3 /Charge/5V_CHG)
  (net 4 /Charge/1S)
  (net 5 "Net-(C6-Pad1)")
  (net 6 "Net-(C7-Pad1)")
  (net 7 /Digital/3.3V)
  (net 8 /Motors/CA1)
  (net 9 /Motors/A1)
  (net 10 /Motors/CP21)
  (net 11 /Motors/CP11)
  (net 12 /Motors/CP22)
  (net 13 /Motors/CP12)
  (net 14 /Motors/CB1)
  (net 15 /Motors/B1)
  (net 16 /Motors/CC1)
  (net 17 /Motors/C1)
  (net 18 /Motors/LSS)
  (net 19 /Motors/VREG1)
  (net 20 /Motors/LSS2)
  (net 21 /Motors/VREG2)
  (net 22 /Motors/CA2)
  (net 23 /Motors/A2)
  (net 24 /Motors/CB2)
  (net 25 /Motors/B2)
  (net 26 /Motors/CC2)
  (net 27 /Motors/C2)
  (net 28 "Net-(C34-Pad1)")
  (net 29 /Micro/HS_X1)
  (net 30 /Micro/HS_X2)
  (net 31 /Micro/X1)
  (net 32 "Net-(C40-Pad1)")
  (net 33 "Net-(C40-Pad2)")
  (net 34 /Micro/X2)
  (net 35 /Micro/VREF)
  (net 36 /Power/CHG_CTL_VCC)
  (net 37 /Micro/VCAP_1)
  (net 38 /Micro/VCAP_2)
  (net 39 /Micro/RST#)
  (net 40 /Charge/2S_EN)
  (net 41 /Micro/BOOT0)
  (net 42 "Net-(L2-Pad2)")
  (net 43 /Micro/FMC_NWAIT)
  (net 44 /Charge/2S_NEG)
  (net 45 "Net-(P6-Pad1)")
  (net 46 "Net-(P7-Pad1)")
  (net 47 /Motors/GHA)
  (net 48 /Motors/GLA)
  (net 49 /Motors/GHA2)
  (net 50 /Motors/GLA2)
  (net 51 /Motors/GHB)
  (net 52 /Motors/GLB)
  (net 53 /Motors/GHB2)
  (net 54 /Motors/GLB2)
  (net 55 /Motors/GHC)
  (net 56 /Motors/GLC)
  (net 57 /Motors/GHC2)
  (net 58 /Motors/GLC2)
  (net 59 /Charge/CHG_EN#)
  (net 60 "Net-(R2-Pad1)")
  (net 61 "Net-(R3-Pad1)")
  (net 62 "Net-(R16-Pad2)")
  (net 63 /Motors/FIN1)
  (net 64 /Motors/FIN2)
  (net 65 /Micro/SCL)
  (net 66 /Micro/SDA)
  (net 67 /Micro/SDIO_CLK)
  (net 68 /Micro/A0)
  (net 69 /Micro/PG12)
  (net 70 /Charge/CHG_STAT1)
  (net 71 /Charge/CHG_STAT2)
  (net 72 /Charge/CHG_TE#)
  (net 73 /Motors/MOT2_RESET#)
  (net 74 /Motors/MOT2_DIAG)
  (net 75 /Micro/MOT2_PWM)
  (net 76 /Motors/MOT2_TACH)
  (net 77 /Motors/SDO)
  (net 78 /Motors/SCK)
  (net 79 /Motors/SDI)
  (net 80 /Motors/MOT2_CS#)
  (net 81 /Motors/MOT1_RESET#)
  (net 82 /Motors/MOT1_DIAG)
  (net 83 /Micro/MOT1_PWM)
  (net 84 /Motors/MOT1_TACH)
  (net 85 /Motors/MOT1_CS#)
  (net 86 /rf/RF_TX)
  (net 87 /rf/RF_RX)
  (net 88 /Sensors/GYRO_INT)
  (net 89 /Sensors/GYRO_FSYNC)
  (net 90 /Power/AUX_3.3V_EN)
  (net 91 /Micro/A1)
  (net 92 /Micro/A2)
  (net 93 /Micro/A3)
  (net 94 "Net-(P10-Pad1)")
  (net 95 /Micro/SWDIO)
  (net 96 /Micro/SWCLK)
  (net 97 /Charge/2S_RAW)
  (net 98 "Net-(U1-Pad7)")
  (net 99 "Net-(U3-PadPAD)")
  (net 100 "Net-(U4-PadPAD)")
  (net 101 "Net-(U5-Pad1)")
  (net 102 "Net-(U5-Pad2)")
  (net 103 "Net-(U5-Pad3)")
  (net 104 "Net-(U5-Pad4)")
  (net 105 "Net-(U5-Pad5)")
  (net 106 "Net-(U5-Pad6)")
  (net 107 "Net-(U5-Pad10)")
  (net 108 "Net-(U5-Pad11)")
  (net 109 "Net-(U5-Pad23)")
  (net 110 "Net-(U5-Pad24)")
  (net 111 "Net-(U5-Pad28)")
  (net 112 "Net-(U5-Pad30)")
  (net 113 "Net-(U5-Pad31)")
  (net 114 "Net-(U5-Pad32)")
  (net 115 "Net-(U6-Pad2)")
  (net 116 "Net-(U6-Pad6)")
  (net 117 /Sensors/AUX_SCL)
  (net 118 "Net-(U6-Pad19)")
  (net 119 "Net-(U6-Pad3)")
  (net 120 "Net-(U6-Pad4)")
  (net 121 "Net-(U6-Pad5)")
  (net 122 "Net-(U6-Pad14)")
  (net 123 "Net-(U6-Pad15)")
  (net 124 "Net-(U6-Pad16)")
  (net 125 "Net-(U6-Pad17)")
  (net 126 /Sensors/AUX_SDA)
  (net 127 /Micro/PG6)
  (net 128 /Micro/PG7)
  (net 129 /Power/AUX_3.3V_GOOD)
  (net 130 /Micro/PB14)
  (net 131 /Micro/PB15)

  (net_class Default "This is the default net class."
    (clearance 0.1524)
    (trace_width 0.1524)
    (via_dia 0.6858)
    (via_drill 0.3302)
    (uvia_dia 0.762)
    (uvia_drill 0.508)
    (add_net /Charge/1S)
    (add_net /Charge/2S)
    (add_net /Charge/2S_EN)
    (add_net /Charge/2S_NEG)
    (add_net /Charge/2S_RAW)
    (add_net /Charge/5V_CHG)
    (add_net /Charge/CHG_EN#)
    (add_net /Charge/CHG_STAT1)
    (add_net /Charge/CHG_STAT2)
    (add_net /Charge/CHG_TE#)
    (add_net /Digital/3.3V)
    (add_net /Micro/A0)
    (add_net /Micro/A1)
    (add_net /Micro/A2)
    (add_net /Micro/A3)
    (add_net /Micro/BOOT0)
    (add_net /Micro/FMC_NWAIT)
    (add_net /Micro/HS_X1)
    (add_net /Micro/HS_X2)
    (add_net /Micro/MOT1_PWM)
    (add_net /Micro/MOT2_PWM)
    (add_net /Micro/PB14)
    (add_net /Micro/PB15)
    (add_net /Micro/PG12)
    (add_net /Micro/PG6)
    (add_net /Micro/PG7)
    (add_net /Micro/RST#)
    (add_net /Micro/SCL)
    (add_net /Micro/SDA)
    (add_net /Micro/SDIO_CLK)
    (add_net /Micro/SWCLK)
    (add_net /Micro/SWDIO)
    (add_net /Micro/VCAP_1)
    (add_net /Micro/VCAP_2)
    (add_net /Micro/VREF)
    (add_net /Micro/X1)
    (add_net /Micro/X2)
    (add_net /Motors/A1)
    (add_net /Motors/A2)
    (add_net /Motors/B1)
    (add_net /Motors/B2)
    (add_net /Motors/C1)
    (add_net /Motors/C2)
    (add_net /Motors/CA1)
    (add_net /Motors/CA2)
    (add_net /Motors/CB1)
    (add_net /Motors/CB2)
    (add_net /Motors/CC1)
    (add_net /Motors/CC2)
    (add_net /Motors/CP11)
    (add_net /Motors/CP12)
    (add_net /Motors/CP21)
    (add_net /Motors/CP22)
    (add_net /Motors/FIN1)
    (add_net /Motors/FIN2)
    (add_net /Motors/GHA)
    (add_net /Motors/GHA2)
    (add_net /Motors/GHB)
    (add_net /Motors/GHB2)
    (add_net /Motors/GHC)
    (add_net /Motors/GHC2)
    (add_net /Motors/GLA)
    (add_net /Motors/GLA2)
    (add_net /Motors/GLB)
    (add_net /Motors/GLB2)
    (add_net /Motors/GLC)
    (add_net /Motors/GLC2)
    (add_net /Motors/LSS)
    (add_net /Motors/LSS2)
    (add_net /Motors/MOT1_CS#)
    (add_net /Motors/MOT1_DIAG)
    (add_net /Motors/MOT1_RESET#)
    (add_net /Motors/MOT1_TACH)
    (add_net /Motors/MOT2_CS#)
    (add_net /Motors/MOT2_DIAG)
    (add_net /Motors/MOT2_RESET#)
    (add_net /Motors/MOT2_TACH)
    (add_net /Motors/SCK)
    (add_net /Motors/SDI)
    (add_net /Motors/SDO)
    (add_net /Motors/VREG1)
    (add_net /Motors/VREG2)
    (add_net /Power/AUX_3.3V_EN)
    (add_net /Power/AUX_3.3V_GOOD)
    (add_net /Power/CHG_CTL_VCC)
    (add_net /Sensors/AUX_SCL)
    (add_net /Sensors/AUX_SDA)
    (add_net /Sensors/GYRO_FSYNC)
    (add_net /Sensors/GYRO_INT)
    (add_net /rf/RF_RX)
    (add_net /rf/RF_TX)
    (add_net GND)
    (add_net "Net-(C34-Pad1)")
    (add_net "Net-(C40-Pad1)")
    (add_net "Net-(C40-Pad2)")
    (add_net "Net-(C6-Pad1)")
    (add_net "Net-(C7-Pad1)")
    (add_net "Net-(L2-Pad2)")
    (add_net "Net-(P10-Pad1)")
    (add_net "Net-(P6-Pad1)")
    (add_net "Net-(P7-Pad1)")
    (add_net "Net-(R16-Pad2)")
    (add_net "Net-(R2-Pad1)")
    (add_net "Net-(R3-Pad1)")
    (add_net "Net-(U1-Pad7)")
    (add_net "Net-(U3-PadPAD)")
    (add_net "Net-(U4-PadPAD)")
    (add_net "Net-(U5-Pad1)")
    (add_net "Net-(U5-Pad10)")
    (add_net "Net-(U5-Pad11)")
    (add_net "Net-(U5-Pad2)")
    (add_net "Net-(U5-Pad23)")
    (add_net "Net-(U5-Pad24)")
    (add_net "Net-(U5-Pad28)")
    (add_net "Net-(U5-Pad3)")
    (add_net "Net-(U5-Pad30)")
    (add_net "Net-(U5-Pad31)")
    (add_net "Net-(U5-Pad32)")
    (add_net "Net-(U5-Pad4)")
    (add_net "Net-(U5-Pad5)")
    (add_net "Net-(U5-Pad6)")
    (add_net "Net-(U6-Pad14)")
    (add_net "Net-(U6-Pad15)")
    (add_net "Net-(U6-Pad16)")
    (add_net "Net-(U6-Pad17)")
    (add_net "Net-(U6-Pad19)")
    (add_net "Net-(U6-Pad2)")
    (add_net "Net-(U6-Pad3)")
    (add_net "Net-(U6-Pad4)")
    (add_net "Net-(U6-Pad5)")
    (add_net "Net-(U6-Pad6)")
  )

  (module Capacitors_Tantalum_SMD:TantalC_SizeB_EIA-3528_HandSoldering locked (layer B.Cu) (tedit 5734B3F6) (tstamp 5727BDAC)
    (at 17.4 188.4 270)
    (descr "Tantal Cap. , Size B, EIA-3528, Hand Soldering,")
    (tags "Tantal Cap. , Size B, EIA-3528, Hand Soldering,")
    (path /56CE2702/5754BDAF)
    (attr smd)
    (fp_text reference C1 (at -0.20066 3.29946 270) (layer B.SilkS)
      (effects (font (size 1 1) (thickness 0.15)) (justify mirror))
    )
    (fp_text value 10uF (at -0.09906 -3.59918 270) (layer B.Fab) hide
      (effects (font (size 1 1) (thickness 0.15)) (justify mirror))
    )
    (fp_text user + (at -4.70154 2.4003 270) (layer B.SilkS)
      (effects (font (size 1 1) (thickness 0.15)) (justify mirror))
    )
    (fp_line (start -4.20116 1.89992) (end -4.20116 -1.89992) (layer B.SilkS) (width 0.15))
    (fp_line (start 2.49936 1.89992) (end -2.49936 1.89992) (layer B.SilkS) (width 0.15))
    (fp_line (start 2.49682 -1.89992) (end -2.5019 -1.89992) (layer B.SilkS) (width 0.15))
    (fp_line (start -4.70408 2.90322) (end -4.70408 1.8034) (layer B.SilkS) (width 0.15))
    (fp_line (start -5.30352 2.40284) (end -4.10464 2.40284) (layer B.SilkS) (width 0.15))
    (pad 2 smd rect (at 2.12598 0 270) (size 3.1496 1.80086) (layers B.Cu B.Paste B.Mask)
      (net 1 GND))
    (pad 1 smd rect (at -2.12598 0 270) (size 3.1496 1.80086) (layers B.Cu B.Paste B.Mask)
      (net 2 /Charge/2S))
    (model Capacitors_Tantalum_SMD.3dshapes/TantalC_SizeB_EIA-3528_HandSoldering.wrl
      (at (xyz 0 0 0))
      (scale (xyz 1 1 1))
      (rotate (xyz 0 0 180))
    )
  )

  (module Capacitors_SMD:C_0402 locked (layer F.Cu) (tedit 5734B3B1) (tstamp 5727BDB2)
    (at 18.8 165.6)
    (descr "Capacitor SMD 0402, reflow soldering, AVX (see smccp.pdf)")
    (tags "capacitor 0402")
    (path /56CE10CB/57122011)
    (attr smd)
    (fp_text reference C2 (at 0 -1.7) (layer F.SilkS)
      (effects (font (size 1 1) (thickness 0.15)))
    )
    (fp_text value 1uF (at 0 1.7) (layer F.Fab) hide
      (effects (font (size 1 1) (thickness 0.15)))
    )
    (fp_line (start -1.15 -0.6) (end 1.15 -0.6) (layer F.CrtYd) (width 0.05))
    (fp_line (start -1.15 0.6) (end 1.15 0.6) (layer F.CrtYd) (width 0.05))
    (fp_line (start -1.15 -0.6) (end -1.15 0.6) (layer F.CrtYd) (width 0.05))
    (fp_line (start 1.15 -0.6) (end 1.15 0.6) (layer F.CrtYd) (width 0.05))
    (fp_line (start 0.25 -0.475) (end -0.25 -0.475) (layer F.SilkS) (width 0.15))
    (fp_line (start -0.25 0.475) (end 0.25 0.475) (layer F.SilkS) (width 0.15))
    (pad 1 smd rect (at -0.55 0) (size 0.6 0.5) (layers F.Cu F.Paste F.Mask)
      (net 3 /Charge/5V_CHG))
    (pad 2 smd rect (at 0.55 0) (size 0.6 0.5) (layers F.Cu F.Paste F.Mask)
      (net 1 GND))
    (model Capacitors_SMD.3dshapes/C_0402.wrl
      (at (xyz 0 0 0))
      (scale (xyz 1 1 1))
      (rotate (xyz 0 0 0))
    )
  )

  (module Capacitors_SMD:C_0402 locked (layer F.Cu) (tedit 5734C4D1) (tstamp 5727BDB8)
    (at 21.2 179.2 270)
    (descr "Capacitor SMD 0402, reflow soldering, AVX (see smccp.pdf)")
    (tags "capacitor 0402")
    (path /56CE2702/5754522E)
    (attr smd)
    (fp_text reference C3 (at -0.715 -0.815 270) (layer F.SilkS)
      (effects (font (size 1 1) (thickness 0.15)))
    )
    (fp_text value 1uF (at 0 1.7 270) (layer F.Fab) hide
      (effects (font (size 1 1) (thickness 0.15)))
    )
    (fp_line (start -1.15 -0.6) (end 1.15 -0.6) (layer F.CrtYd) (width 0.05))
    (fp_line (start -1.15 0.6) (end 1.15 0.6) (layer F.CrtYd) (width 0.05))
    (fp_line (start -1.15 -0.6) (end -1.15 0.6) (layer F.CrtYd) (width 0.05))
    (fp_line (start 1.15 -0.6) (end 1.15 0.6) (layer F.CrtYd) (width 0.05))
    (fp_line (start 0.25 -0.475) (end -0.25 -0.475) (layer F.SilkS) (width 0.15))
    (fp_line (start -0.25 0.475) (end 0.25 0.475) (layer F.SilkS) (width 0.15))
    (pad 1 smd rect (at -0.55 0 270) (size 0.6 0.5) (layers F.Cu F.Paste F.Mask)
      (net 1 GND))
    (pad 2 smd rect (at 0.55 0 270) (size 0.6 0.5) (layers F.Cu F.Paste F.Mask)
      (net 2 /Charge/2S))
    (model Capacitors_SMD.3dshapes/C_0402.wrl
      (at (xyz 0 0 0))
      (scale (xyz 1 1 1))
      (rotate (xyz 0 0 0))
    )
  )

  (module Capacitors_SMD:C_0402 locked (layer F.Cu) (tedit 5734C3F8) (tstamp 5727BDBE)
    (at 21.4 165.6 180)
    (descr "Capacitor SMD 0402, reflow soldering, AVX (see smccp.pdf)")
    (tags "capacitor 0402")
    (path /56CE10CB/57121D28)
    (attr smd)
    (fp_text reference C4 (at -2.615 -0.385 180) (layer F.SilkS)
      (effects (font (size 1 1) (thickness 0.15)))
    )
    (fp_text value 1uF (at 0 1.7 180) (layer F.Fab) hide
      (effects (font (size 1 1) (thickness 0.15)))
    )
    (fp_line (start -1.15 -0.6) (end 1.15 -0.6) (layer F.CrtYd) (width 0.05))
    (fp_line (start -1.15 0.6) (end 1.15 0.6) (layer F.CrtYd) (width 0.05))
    (fp_line (start -1.15 -0.6) (end -1.15 0.6) (layer F.CrtYd) (width 0.05))
    (fp_line (start 1.15 -0.6) (end 1.15 0.6) (layer F.CrtYd) (width 0.05))
    (fp_line (start 0.25 -0.475) (end -0.25 -0.475) (layer F.SilkS) (width 0.15))
    (fp_line (start -0.25 0.475) (end 0.25 0.475) (layer F.SilkS) (width 0.15))
    (pad 1 smd rect (at -0.55 0 180) (size 0.6 0.5) (layers F.Cu F.Paste F.Mask)
      (net 4 /Charge/1S))
    (pad 2 smd rect (at 0.55 0 180) (size 0.6 0.5) (layers F.Cu F.Paste F.Mask)
      (net 1 GND))
    (model Capacitors_SMD.3dshapes/C_0402.wrl
      (at (xyz 0 0 0))
      (scale (xyz 1 1 1))
      (rotate (xyz 0 0 0))
    )
  )

  (module Capacitors_SMD:C_0402 locked (layer F.Cu) (tedit 5734C5BC) (tstamp 5727BDC4)
    (at 20.4 184.6 180)
    (descr "Capacitor SMD 0402, reflow soldering, AVX (see smccp.pdf)")
    (tags "capacitor 0402")
    (path /56CE2702/5754C3F5)
    (attr smd)
    (fp_text reference C5 (at -2.115 -0.385 180) (layer F.SilkS)
      (effects (font (size 1 1) (thickness 0.15)))
    )
    (fp_text value 100nF (at 0 1.7 180) (layer F.Fab) hide
      (effects (font (size 1 1) (thickness 0.15)))
    )
    (fp_line (start -1.15 -0.6) (end 1.15 -0.6) (layer F.CrtYd) (width 0.05))
    (fp_line (start -1.15 0.6) (end 1.15 0.6) (layer F.CrtYd) (width 0.05))
    (fp_line (start -1.15 -0.6) (end -1.15 0.6) (layer F.CrtYd) (width 0.05))
    (fp_line (start 1.15 -0.6) (end 1.15 0.6) (layer F.CrtYd) (width 0.05))
    (fp_line (start 0.25 -0.475) (end -0.25 -0.475) (layer F.SilkS) (width 0.15))
    (fp_line (start -0.25 0.475) (end 0.25 0.475) (layer F.SilkS) (width 0.15))
    (pad 1 smd rect (at -0.55 0 180) (size 0.6 0.5) (layers F.Cu F.Paste F.Mask)
      (net 2 /Charge/2S))
    (pad 2 smd rect (at 0.55 0 180) (size 0.6 0.5) (layers F.Cu F.Paste F.Mask)
      (net 1 GND))
    (model Capacitors_SMD.3dshapes/C_0402.wrl
      (at (xyz 0 0 0))
      (scale (xyz 1 1 1))
      (rotate (xyz 0 0 0))
    )
  )

  (module Capacitors_SMD:C_0402 locked (layer F.Cu) (tedit 5734C470) (tstamp 5727BDCA)
    (at 21 174.2)
    (descr "Capacitor SMD 0402, reflow soldering, AVX (see smccp.pdf)")
    (tags "capacitor 0402")
    (path /56CE10CB/56CDD531)
    (attr smd)
    (fp_text reference C6 (at 0.015 -1.215) (layer F.SilkS)
      (effects (font (size 1 1) (thickness 0.15)))
    )
    (fp_text value 1nF (at 0 1.7) (layer F.Fab) hide
      (effects (font (size 1 1) (thickness 0.15)))
    )
    (fp_line (start -1.15 -0.6) (end 1.15 -0.6) (layer F.CrtYd) (width 0.05))
    (fp_line (start -1.15 0.6) (end 1.15 0.6) (layer F.CrtYd) (width 0.05))
    (fp_line (start -1.15 -0.6) (end -1.15 0.6) (layer F.CrtYd) (width 0.05))
    (fp_line (start 1.15 -0.6) (end 1.15 0.6) (layer F.CrtYd) (width 0.05))
    (fp_line (start 0.25 -0.475) (end -0.25 -0.475) (layer F.SilkS) (width 0.15))
    (fp_line (start -0.25 0.475) (end 0.25 0.475) (layer F.SilkS) (width 0.15))
    (pad 1 smd rect (at -0.55 0) (size 0.6 0.5) (layers F.Cu F.Paste F.Mask)
      (net 5 "Net-(C6-Pad1)"))
    (pad 2 smd rect (at 0.55 0) (size 0.6 0.5) (layers F.Cu F.Paste F.Mask)
      (net 1 GND))
    (model Capacitors_SMD.3dshapes/C_0402.wrl
      (at (xyz 0 0 0))
      (scale (xyz 1 1 1))
      (rotate (xyz 0 0 0))
    )
  )

  (module Capacitors_SMD:C_0402 locked (layer F.Cu) (tedit 5734C483) (tstamp 5727BDD0)
    (at 23.4 174.2 180)
    (descr "Capacitor SMD 0402, reflow soldering, AVX (see smccp.pdf)")
    (tags "capacitor 0402")
    (path /56CE10CB/56CDD558)
    (attr smd)
    (fp_text reference C7 (at -0.115 1.215 180) (layer F.SilkS)
      (effects (font (size 1 1) (thickness 0.15)))
    )
    (fp_text value 1nF (at 0 1.7 180) (layer F.Fab) hide
      (effects (font (size 1 1) (thickness 0.15)))
    )
    (fp_line (start -1.15 -0.6) (end 1.15 -0.6) (layer F.CrtYd) (width 0.05))
    (fp_line (start -1.15 0.6) (end 1.15 0.6) (layer F.CrtYd) (width 0.05))
    (fp_line (start -1.15 -0.6) (end -1.15 0.6) (layer F.CrtYd) (width 0.05))
    (fp_line (start 1.15 -0.6) (end 1.15 0.6) (layer F.CrtYd) (width 0.05))
    (fp_line (start 0.25 -0.475) (end -0.25 -0.475) (layer F.SilkS) (width 0.15))
    (fp_line (start -0.25 0.475) (end 0.25 0.475) (layer F.SilkS) (width 0.15))
    (pad 1 smd rect (at -0.55 0 180) (size 0.6 0.5) (layers F.Cu F.Paste F.Mask)
      (net 6 "Net-(C7-Pad1)"))
    (pad 2 smd rect (at 0.55 0 180) (size 0.6 0.5) (layers F.Cu F.Paste F.Mask)
      (net 1 GND))
    (model Capacitors_SMD.3dshapes/C_0402.wrl
      (at (xyz 0 0 0))
      (scale (xyz 1 1 1))
      (rotate (xyz 0 0 0))
    )
  )

  (module Capacitors_SMD:C_0402 (layer B.Cu) (tedit 5734B4F6) (tstamp 5727BDE2)
    (at 76.516 174.812 180)
    (descr "Capacitor SMD 0402, reflow soldering, AVX (see smccp.pdf)")
    (tags "capacitor 0402")
    (path /56D60FDB/56DF4479)
    (attr smd)
    (fp_text reference C10 (at 0 1.27 180) (layer B.SilkS)
      (effects (font (size 1 1) (thickness 0.15)) (justify mirror))
    )
    (fp_text value 100nF (at 0 -1.7 180) (layer B.Fab) hide
      (effects (font (size 1 1) (thickness 0.15)) (justify mirror))
    )
    (fp_line (start -1.15 0.6) (end 1.15 0.6) (layer B.CrtYd) (width 0.05))
    (fp_line (start -1.15 -0.6) (end 1.15 -0.6) (layer B.CrtYd) (width 0.05))
    (fp_line (start -1.15 0.6) (end -1.15 -0.6) (layer B.CrtYd) (width 0.05))
    (fp_line (start 1.15 0.6) (end 1.15 -0.6) (layer B.CrtYd) (width 0.05))
    (fp_line (start 0.25 0.475) (end -0.25 0.475) (layer B.SilkS) (width 0.15))
    (fp_line (start -0.25 -0.475) (end 0.25 -0.475) (layer B.SilkS) (width 0.15))
    (pad 1 smd rect (at -0.55 0 180) (size 0.6 0.5) (layers B.Cu B.Paste B.Mask)
      (net 1 GND))
    (pad 2 smd rect (at 0.55 0 180) (size 0.6 0.5) (layers B.Cu B.Paste B.Mask)
      (net 7 /Digital/3.3V))
    (model Capacitors_SMD.3dshapes/C_0402.wrl
      (at (xyz 0 0 0))
      (scale (xyz 1 1 1))
      (rotate (xyz 0 0 0))
    )
  )

  (module Capacitors_SMD:C_0402 (layer B.Cu) (tedit 5734C7B1) (tstamp 5727BDE8)
    (at 71.69 174.812 180)
    (descr "Capacitor SMD 0402, reflow soldering, AVX (see smccp.pdf)")
    (tags "capacitor 0402")
    (path /56D60FDB/56DF449F)
    (attr smd)
    (fp_text reference C11 (at 0.175 1.327 180) (layer B.SilkS)
      (effects (font (size 1 1) (thickness 0.15)) (justify mirror))
    )
    (fp_text value 100nF (at 0 -1.7 180) (layer B.Fab) hide
      (effects (font (size 1 1) (thickness 0.15)) (justify mirror))
    )
    (fp_line (start -1.15 0.6) (end 1.15 0.6) (layer B.CrtYd) (width 0.05))
    (fp_line (start -1.15 -0.6) (end 1.15 -0.6) (layer B.CrtYd) (width 0.05))
    (fp_line (start -1.15 0.6) (end -1.15 -0.6) (layer B.CrtYd) (width 0.05))
    (fp_line (start 1.15 0.6) (end 1.15 -0.6) (layer B.CrtYd) (width 0.05))
    (fp_line (start 0.25 0.475) (end -0.25 0.475) (layer B.SilkS) (width 0.15))
    (fp_line (start -0.25 -0.475) (end 0.25 -0.475) (layer B.SilkS) (width 0.15))
    (pad 1 smd rect (at -0.55 0 180) (size 0.6 0.5) (layers B.Cu B.Paste B.Mask)
      (net 1 GND))
    (pad 2 smd rect (at 0.55 0 180) (size 0.6 0.5) (layers B.Cu B.Paste B.Mask)
      (net 7 /Digital/3.3V))
    (model Capacitors_SMD.3dshapes/C_0402.wrl
      (at (xyz 0 0 0))
      (scale (xyz 1 1 1))
      (rotate (xyz 0 0 0))
    )
  )

  (module Capacitors_SMD:C_0402 (layer B.Cu) (tedit 5734B4EB) (tstamp 5727BDEE)
    (at 76.516 189.798)
    (descr "Capacitor SMD 0402, reflow soldering, AVX (see smccp.pdf)")
    (tags "capacitor 0402")
    (path /56D60FDB/56DF463B)
    (attr smd)
    (fp_text reference C12 (at 0 1.7) (layer B.SilkS)
      (effects (font (size 1 1) (thickness 0.15)) (justify mirror))
    )
    (fp_text value 100nF (at 0 -1.7) (layer B.Fab) hide
      (effects (font (size 1 1) (thickness 0.15)) (justify mirror))
    )
    (fp_line (start -1.15 0.6) (end 1.15 0.6) (layer B.CrtYd) (width 0.05))
    (fp_line (start -1.15 -0.6) (end 1.15 -0.6) (layer B.CrtYd) (width 0.05))
    (fp_line (start -1.15 0.6) (end -1.15 -0.6) (layer B.CrtYd) (width 0.05))
    (fp_line (start 1.15 0.6) (end 1.15 -0.6) (layer B.CrtYd) (width 0.05))
    (fp_line (start 0.25 0.475) (end -0.25 0.475) (layer B.SilkS) (width 0.15))
    (fp_line (start -0.25 -0.475) (end 0.25 -0.475) (layer B.SilkS) (width 0.15))
    (pad 1 smd rect (at -0.55 0) (size 0.6 0.5) (layers B.Cu B.Paste B.Mask)
      (net 1 GND))
    (pad 2 smd rect (at 0.55 0) (size 0.6 0.5) (layers B.Cu B.Paste B.Mask)
      (net 7 /Digital/3.3V))
    (model Capacitors_SMD.3dshapes/C_0402.wrl
      (at (xyz 0 0 0))
      (scale (xyz 1 1 1))
      (rotate (xyz 0 0 0))
    )
  )

  (module Capacitors_SMD:C_0402 (layer F.Cu) (tedit 5734B4EE) (tstamp 5727BDF4)
    (at 71.3 189.9 180)
    (descr "Capacitor SMD 0402, reflow soldering, AVX (see smccp.pdf)")
    (tags "capacitor 0402")
    (path /56D60FDB/56DF4677)
    (attr smd)
    (fp_text reference C13 (at 0 -1.7 180) (layer F.SilkS)
      (effects (font (size 1 1) (thickness 0.15)))
    )
    (fp_text value 100nF (at 0 1.7 180) (layer F.Fab) hide
      (effects (font (size 1 1) (thickness 0.15)))
    )
    (fp_line (start -1.15 -0.6) (end 1.15 -0.6) (layer F.CrtYd) (width 0.05))
    (fp_line (start -1.15 0.6) (end 1.15 0.6) (layer F.CrtYd) (width 0.05))
    (fp_line (start -1.15 -0.6) (end -1.15 0.6) (layer F.CrtYd) (width 0.05))
    (fp_line (start 1.15 -0.6) (end 1.15 0.6) (layer F.CrtYd) (width 0.05))
    (fp_line (start 0.25 -0.475) (end -0.25 -0.475) (layer F.SilkS) (width 0.15))
    (fp_line (start -0.25 0.475) (end 0.25 0.475) (layer F.SilkS) (width 0.15))
    (pad 1 smd rect (at -0.55 0 180) (size 0.6 0.5) (layers F.Cu F.Paste F.Mask)
      (net 1 GND))
    (pad 2 smd rect (at 0.55 0 180) (size 0.6 0.5) (layers F.Cu F.Paste F.Mask)
      (net 7 /Digital/3.3V))
    (model Capacitors_SMD.3dshapes/C_0402.wrl
      (at (xyz 0 0 0))
      (scale (xyz 1 1 1))
      (rotate (xyz 0 0 0))
    )
  )

  (module Capacitors_SMD:C_0402 (layer B.Cu) (tedit 5734B4F2) (tstamp 5727BDFA)
    (at 71.69 189.798)
    (descr "Capacitor SMD 0402, reflow soldering, AVX (see smccp.pdf)")
    (tags "capacitor 0402")
    (path /56D60FDB/56DF5346)
    (attr smd)
    (fp_text reference C14 (at 0 1.7) (layer B.SilkS)
      (effects (font (size 1 1) (thickness 0.15)) (justify mirror))
    )
    (fp_text value 100nF (at 0 -1.7) (layer B.Fab) hide
      (effects (font (size 1 1) (thickness 0.15)) (justify mirror))
    )
    (fp_line (start -1.15 0.6) (end 1.15 0.6) (layer B.CrtYd) (width 0.05))
    (fp_line (start -1.15 -0.6) (end 1.15 -0.6) (layer B.CrtYd) (width 0.05))
    (fp_line (start -1.15 0.6) (end -1.15 -0.6) (layer B.CrtYd) (width 0.05))
    (fp_line (start 1.15 0.6) (end 1.15 -0.6) (layer B.CrtYd) (width 0.05))
    (fp_line (start 0.25 0.475) (end -0.25 0.475) (layer B.SilkS) (width 0.15))
    (fp_line (start -0.25 -0.475) (end 0.25 -0.475) (layer B.SilkS) (width 0.15))
    (pad 1 smd rect (at -0.55 0) (size 0.6 0.5) (layers B.Cu B.Paste B.Mask)
      (net 1 GND))
    (pad 2 smd rect (at 0.55 0) (size 0.6 0.5) (layers B.Cu B.Paste B.Mask)
      (net 7 /Digital/3.3V))
    (model Capacitors_SMD.3dshapes/C_0402.wrl
      (at (xyz 0 0 0))
      (scale (xyz 1 1 1))
      (rotate (xyz 0 0 0))
    )
  )

  (module Capacitors_SMD:C_0402 (layer B.Cu) (tedit 5734C947) (tstamp 5727BE00)
    (at 81.088 186.9786 270)
    (descr "Capacitor SMD 0402, reflow soldering, AVX (see smccp.pdf)")
    (tags "capacitor 0402")
    (path /56D60FDB/56DF46A6)
    (attr smd)
    (fp_text reference C15 (at 3.0064 0.073 270) (layer B.SilkS)
      (effects (font (size 1 1) (thickness 0.15)) (justify mirror))
    )
    (fp_text value 100nF (at 0 -1.7 270) (layer B.Fab) hide
      (effects (font (size 1 1) (thickness 0.15)) (justify mirror))
    )
    (fp_line (start -1.15 0.6) (end 1.15 0.6) (layer B.CrtYd) (width 0.05))
    (fp_line (start -1.15 -0.6) (end 1.15 -0.6) (layer B.CrtYd) (width 0.05))
    (fp_line (start -1.15 0.6) (end -1.15 -0.6) (layer B.CrtYd) (width 0.05))
    (fp_line (start 1.15 0.6) (end 1.15 -0.6) (layer B.CrtYd) (width 0.05))
    (fp_line (start 0.25 0.475) (end -0.25 0.475) (layer B.SilkS) (width 0.15))
    (fp_line (start -0.25 -0.475) (end 0.25 -0.475) (layer B.SilkS) (width 0.15))
    (pad 1 smd rect (at -0.55 0 270) (size 0.6 0.5) (layers B.Cu B.Paste B.Mask)
      (net 1 GND))
    (pad 2 smd rect (at 0.55 0 270) (size 0.6 0.5) (layers B.Cu B.Paste B.Mask)
      (net 7 /Digital/3.3V))
    (model Capacitors_SMD.3dshapes/C_0402.wrl
      (at (xyz 0 0 0))
      (scale (xyz 1 1 1))
      (rotate (xyz 0 0 0))
    )
  )

  (module Capacitors_SMD:C_0402 locked (layer F.Cu) (tedit 5734C71A) (tstamp 5727BE06)
    (at 62.95 191.1 180)
    (descr "Capacitor SMD 0402, reflow soldering, AVX (see smccp.pdf)")
    (tags "capacitor 0402")
    (path /56D60FDB/56DF3F69)
    (attr smd)
    (fp_text reference C16 (at -3.065 0.115 180) (layer F.SilkS)
      (effects (font (size 1 1) (thickness 0.15)))
    )
    (fp_text value 100nF (at 0 1.7 180) (layer F.Fab) hide
      (effects (font (size 1 1) (thickness 0.15)))
    )
    (fp_line (start -1.15 -0.6) (end 1.15 -0.6) (layer F.CrtYd) (width 0.05))
    (fp_line (start -1.15 0.6) (end 1.15 0.6) (layer F.CrtYd) (width 0.05))
    (fp_line (start -1.15 -0.6) (end -1.15 0.6) (layer F.CrtYd) (width 0.05))
    (fp_line (start 1.15 -0.6) (end 1.15 0.6) (layer F.CrtYd) (width 0.05))
    (fp_line (start 0.25 -0.475) (end -0.25 -0.475) (layer F.SilkS) (width 0.15))
    (fp_line (start -0.25 0.475) (end 0.25 0.475) (layer F.SilkS) (width 0.15))
    (pad 1 smd rect (at -0.55 0 180) (size 0.6 0.5) (layers F.Cu F.Paste F.Mask)
      (net 1 GND))
    (pad 2 smd rect (at 0.55 0 180) (size 0.6 0.5) (layers F.Cu F.Paste F.Mask)
      (net 7 /Digital/3.3V))
    (model Capacitors_SMD.3dshapes/C_0402.wrl
      (at (xyz 0 0 0))
      (scale (xyz 1 1 1))
      (rotate (xyz 0 0 0))
    )
  )

  (module Capacitors_SMD:C_0402 (layer F.Cu) (tedit 5734C815) (tstamp 5727BE0C)
    (at 55.8 156.6 270)
    (descr "Capacitor SMD 0402, reflow soldering, AVX (see smccp.pdf)")
    (tags "capacitor 0402")
    (path /56E83598/56E8AD8A)
    (attr smd)
    (fp_text reference C17 (at 2.385 0.285 270) (layer F.SilkS)
      (effects (font (size 1 1) (thickness 0.15)))
    )
    (fp_text value 100nF (at 0 1.7 270) (layer F.Fab) hide
      (effects (font (size 1 1) (thickness 0.15)))
    )
    (fp_line (start -1.15 -0.6) (end 1.15 -0.6) (layer F.CrtYd) (width 0.05))
    (fp_line (start -1.15 0.6) (end 1.15 0.6) (layer F.CrtYd) (width 0.05))
    (fp_line (start -1.15 -0.6) (end -1.15 0.6) (layer F.CrtYd) (width 0.05))
    (fp_line (start 1.15 -0.6) (end 1.15 0.6) (layer F.CrtYd) (width 0.05))
    (fp_line (start 0.25 -0.475) (end -0.25 -0.475) (layer F.SilkS) (width 0.15))
    (fp_line (start -0.25 0.475) (end 0.25 0.475) (layer F.SilkS) (width 0.15))
    (pad 1 smd rect (at -0.55 0 270) (size 0.6 0.5) (layers F.Cu F.Paste F.Mask)
      (net 8 /Motors/CA1))
    (pad 2 smd rect (at 0.55 0 270) (size 0.6 0.5) (layers F.Cu F.Paste F.Mask)
      (net 9 /Motors/A1))
    (model Capacitors_SMD.3dshapes/C_0402.wrl
      (at (xyz 0 0 0))
      (scale (xyz 1 1 1))
      (rotate (xyz 0 0 0))
    )
  )

  (module Capacitors_SMD:C_0402 (layer B.Cu) (tedit 5734C7FD) (tstamp 5727BE12)
    (at 72.5 152.25 180)
    (descr "Capacitor SMD 0402, reflow soldering, AVX (see smccp.pdf)")
    (tags "capacitor 0402")
    (path /56E83598/56E8BF41)
    (attr smd)
    (fp_text reference C18 (at 2.485 0.265 180) (layer B.SilkS)
      (effects (font (size 1 1) (thickness 0.15)) (justify mirror))
    )
    (fp_text value 100nF (at 0 -1.7 180) (layer B.Fab) hide
      (effects (font (size 1 1) (thickness 0.15)) (justify mirror))
    )
    (fp_line (start -1.15 0.6) (end 1.15 0.6) (layer B.CrtYd) (width 0.05))
    (fp_line (start -1.15 -0.6) (end 1.15 -0.6) (layer B.CrtYd) (width 0.05))
    (fp_line (start -1.15 0.6) (end -1.15 -0.6) (layer B.CrtYd) (width 0.05))
    (fp_line (start 1.15 0.6) (end 1.15 -0.6) (layer B.CrtYd) (width 0.05))
    (fp_line (start 0.25 0.475) (end -0.25 0.475) (layer B.SilkS) (width 0.15))
    (fp_line (start -0.25 -0.475) (end 0.25 -0.475) (layer B.SilkS) (width 0.15))
    (pad 1 smd rect (at -0.55 0 180) (size 0.6 0.5) (layers B.Cu B.Paste B.Mask)
      (net 1 GND))
    (pad 2 smd rect (at 0.55 0 180) (size 0.6 0.5) (layers B.Cu B.Paste B.Mask)
      (net 7 /Digital/3.3V))
    (model Capacitors_SMD.3dshapes/C_0402.wrl
      (at (xyz 0 0 0))
      (scale (xyz 1 1 1))
      (rotate (xyz 0 0 0))
    )
  )

  (module Capacitors_SMD:C_0402 (layer F.Cu) (tedit 5734C80F) (tstamp 5727BE18)
    (at 56 154 270)
    (descr "Capacitor SMD 0402, reflow soldering, AVX (see smccp.pdf)")
    (tags "capacitor 0402")
    (path /56E83598/56E8A13E)
    (attr smd)
    (fp_text reference C19 (at -2.515 -1.015 270) (layer F.SilkS)
      (effects (font (size 1 1) (thickness 0.15)))
    )
    (fp_text value 1uF (at 0 1.7 270) (layer F.Fab) hide
      (effects (font (size 1 1) (thickness 0.15)))
    )
    (fp_line (start -1.15 -0.6) (end 1.15 -0.6) (layer F.CrtYd) (width 0.05))
    (fp_line (start -1.15 0.6) (end 1.15 0.6) (layer F.CrtYd) (width 0.05))
    (fp_line (start -1.15 -0.6) (end -1.15 0.6) (layer F.CrtYd) (width 0.05))
    (fp_line (start 1.15 -0.6) (end 1.15 0.6) (layer F.CrtYd) (width 0.05))
    (fp_line (start 0.25 -0.475) (end -0.25 -0.475) (layer F.SilkS) (width 0.15))
    (fp_line (start -0.25 0.475) (end 0.25 0.475) (layer F.SilkS) (width 0.15))
    (pad 1 smd rect (at -0.55 0 270) (size 0.6 0.5) (layers F.Cu F.Paste F.Mask)
      (net 10 /Motors/CP21))
    (pad 2 smd rect (at 0.55 0 270) (size 0.6 0.5) (layers F.Cu F.Paste F.Mask)
      (net 11 /Motors/CP11))
    (model Capacitors_SMD.3dshapes/C_0402.wrl
      (at (xyz 0 0 0))
      (scale (xyz 1 1 1))
      (rotate (xyz 0 0 0))
    )
  )

  (module Capacitors_SMD:C_0402 (layer F.Cu) (tedit 5734C7D9) (tstamp 5727BE1E)
    (at 77.5 158.75 270)
    (descr "Capacitor SMD 0402, reflow soldering, AVX (see smccp.pdf)")
    (tags "capacitor 0402")
    (path /56E83598/56E8A8A0)
    (attr smd)
    (fp_text reference C20 (at -2.265 -2.015 270) (layer F.SilkS)
      (effects (font (size 1 1) (thickness 0.15)))
    )
    (fp_text value 1uF (at 0 1.7 270) (layer F.Fab) hide
      (effects (font (size 1 1) (thickness 0.15)))
    )
    (fp_line (start -1.15 -0.6) (end 1.15 -0.6) (layer F.CrtYd) (width 0.05))
    (fp_line (start -1.15 0.6) (end 1.15 0.6) (layer F.CrtYd) (width 0.05))
    (fp_line (start -1.15 -0.6) (end -1.15 0.6) (layer F.CrtYd) (width 0.05))
    (fp_line (start 1.15 -0.6) (end 1.15 0.6) (layer F.CrtYd) (width 0.05))
    (fp_line (start 0.25 -0.475) (end -0.25 -0.475) (layer F.SilkS) (width 0.15))
    (fp_line (start -0.25 0.475) (end 0.25 0.475) (layer F.SilkS) (width 0.15))
    (pad 1 smd rect (at -0.55 0 270) (size 0.6 0.5) (layers F.Cu F.Paste F.Mask)
      (net 12 /Motors/CP22))
    (pad 2 smd rect (at 0.55 0 270) (size 0.6 0.5) (layers F.Cu F.Paste F.Mask)
      (net 13 /Motors/CP12))
    (model Capacitors_SMD.3dshapes/C_0402.wrl
      (at (xyz 0 0 0))
      (scale (xyz 1 1 1))
      (rotate (xyz 0 0 0))
    )
  )

  (module Capacitors_SMD:C_0402 (layer F.Cu) (tedit 5734C851) (tstamp 5727BE24)
    (at 50.475 160.2 180)
    (descr "Capacitor SMD 0402, reflow soldering, AVX (see smccp.pdf)")
    (tags "capacitor 0402")
    (path /56E83598/56E8B27A)
    (attr smd)
    (fp_text reference C21 (at 2.46 -0.285 180) (layer F.SilkS)
      (effects (font (size 1 1) (thickness 0.15)))
    )
    (fp_text value 100nF (at 0 1.7 180) (layer F.Fab) hide
      (effects (font (size 1 1) (thickness 0.15)))
    )
    (fp_line (start -1.15 -0.6) (end 1.15 -0.6) (layer F.CrtYd) (width 0.05))
    (fp_line (start -1.15 0.6) (end 1.15 0.6) (layer F.CrtYd) (width 0.05))
    (fp_line (start -1.15 -0.6) (end -1.15 0.6) (layer F.CrtYd) (width 0.05))
    (fp_line (start 1.15 -0.6) (end 1.15 0.6) (layer F.CrtYd) (width 0.05))
    (fp_line (start 0.25 -0.475) (end -0.25 -0.475) (layer F.SilkS) (width 0.15))
    (fp_line (start -0.25 0.475) (end 0.25 0.475) (layer F.SilkS) (width 0.15))
    (pad 1 smd rect (at -0.55 0 180) (size 0.6 0.5) (layers F.Cu F.Paste F.Mask)
      (net 14 /Motors/CB1))
    (pad 2 smd rect (at 0.55 0 180) (size 0.6 0.5) (layers F.Cu F.Paste F.Mask)
      (net 15 /Motors/B1))
    (model Capacitors_SMD.3dshapes/C_0402.wrl
      (at (xyz 0 0 0))
      (scale (xyz 1 1 1))
      (rotate (xyz 0 0 0))
    )
  )

  (module Capacitors_SMD:C_0402 (layer B.Cu) (tedit 5734C86A) (tstamp 5727BE2A)
    (at 50.8 149.6 270)
    (descr "Capacitor SMD 0402, reflow soldering, AVX (see smccp.pdf)")
    (tags "capacitor 0402")
    (path /56E83598/56E8BFBA)
    (attr smd)
    (fp_text reference C22 (at -0.115 -1.715 270) (layer B.SilkS)
      (effects (font (size 1 1) (thickness 0.15)) (justify mirror))
    )
    (fp_text value 100nF (at 0 -1.7 270) (layer B.Fab) hide
      (effects (font (size 1 1) (thickness 0.15)) (justify mirror))
    )
    (fp_line (start -1.15 0.6) (end 1.15 0.6) (layer B.CrtYd) (width 0.05))
    (fp_line (start -1.15 -0.6) (end 1.15 -0.6) (layer B.CrtYd) (width 0.05))
    (fp_line (start -1.15 0.6) (end -1.15 -0.6) (layer B.CrtYd) (width 0.05))
    (fp_line (start 1.15 0.6) (end 1.15 -0.6) (layer B.CrtYd) (width 0.05))
    (fp_line (start 0.25 0.475) (end -0.25 0.475) (layer B.SilkS) (width 0.15))
    (fp_line (start -0.25 -0.475) (end 0.25 -0.475) (layer B.SilkS) (width 0.15))
    (pad 1 smd rect (at -0.55 0 270) (size 0.6 0.5) (layers B.Cu B.Paste B.Mask)
      (net 1 GND))
    (pad 2 smd rect (at 0.55 0 270) (size 0.6 0.5) (layers B.Cu B.Paste B.Mask)
      (net 7 /Digital/3.3V))
    (model Capacitors_SMD.3dshapes/C_0402.wrl
      (at (xyz 0 0 0))
      (scale (xyz 1 1 1))
      (rotate (xyz 0 0 0))
    )
  )

  (module Capacitors_SMD:C_0402 (layer F.Cu) (tedit 5734C845) (tstamp 5727BE30)
    (at 44.2 158.4 90)
    (descr "Capacitor SMD 0402, reflow soldering, AVX (see smccp.pdf)")
    (tags "capacitor 0402")
    (path /56E83598/56E8B2F2)
    (attr smd)
    (fp_text reference C23 (at -1.585 -3.185 90) (layer F.SilkS)
      (effects (font (size 1 1) (thickness 0.15)))
    )
    (fp_text value 100nF (at 0 1.7 90) (layer F.Fab) hide
      (effects (font (size 1 1) (thickness 0.15)))
    )
    (fp_line (start -1.15 -0.6) (end 1.15 -0.6) (layer F.CrtYd) (width 0.05))
    (fp_line (start -1.15 0.6) (end 1.15 0.6) (layer F.CrtYd) (width 0.05))
    (fp_line (start -1.15 -0.6) (end -1.15 0.6) (layer F.CrtYd) (width 0.05))
    (fp_line (start 1.15 -0.6) (end 1.15 0.6) (layer F.CrtYd) (width 0.05))
    (fp_line (start 0.25 -0.475) (end -0.25 -0.475) (layer F.SilkS) (width 0.15))
    (fp_line (start -0.25 0.475) (end 0.25 0.475) (layer F.SilkS) (width 0.15))
    (pad 1 smd rect (at -0.55 0 90) (size 0.6 0.5) (layers F.Cu F.Paste F.Mask)
      (net 16 /Motors/CC1))
    (pad 2 smd rect (at 0.55 0 90) (size 0.6 0.5) (layers F.Cu F.Paste F.Mask)
      (net 17 /Motors/C1))
    (model Capacitors_SMD.3dshapes/C_0402.wrl
      (at (xyz 0 0 0))
      (scale (xyz 1 1 1))
      (rotate (xyz 0 0 0))
    )
  )

  (module Capacitors_SMD:C_0402 (layer B.Cu) (tedit 5734C86F) (tstamp 5727BE36)
    (at 49.6 149.6 270)
    (descr "Capacitor SMD 0402, reflow soldering, AVX (see smccp.pdf)")
    (tags "capacitor 0402")
    (path /56E83598/56E8C01C)
    (attr smd)
    (fp_text reference C24 (at -0.115 1.585 270) (layer B.SilkS)
      (effects (font (size 1 1) (thickness 0.15)) (justify mirror))
    )
    (fp_text value 100nF (at 0 -1.7 270) (layer B.Fab) hide
      (effects (font (size 1 1) (thickness 0.15)) (justify mirror))
    )
    (fp_line (start -1.15 0.6) (end 1.15 0.6) (layer B.CrtYd) (width 0.05))
    (fp_line (start -1.15 -0.6) (end 1.15 -0.6) (layer B.CrtYd) (width 0.05))
    (fp_line (start -1.15 0.6) (end -1.15 -0.6) (layer B.CrtYd) (width 0.05))
    (fp_line (start 1.15 0.6) (end 1.15 -0.6) (layer B.CrtYd) (width 0.05))
    (fp_line (start 0.25 0.475) (end -0.25 0.475) (layer B.SilkS) (width 0.15))
    (fp_line (start -0.25 -0.475) (end 0.25 -0.475) (layer B.SilkS) (width 0.15))
    (pad 1 smd rect (at -0.55 0 270) (size 0.6 0.5) (layers B.Cu B.Paste B.Mask)
      (net 1 GND))
    (pad 2 smd rect (at 0.55 0 270) (size 0.6 0.5) (layers B.Cu B.Paste B.Mask)
      (net 7 /Digital/3.3V))
    (model Capacitors_SMD.3dshapes/C_0402.wrl
      (at (xyz 0 0 0))
      (scale (xyz 1 1 1))
      (rotate (xyz 0 0 0))
    )
  )

  (module Capacitors_SMD:C_0402 (layer F.Cu) (tedit 5734C810) (tstamp 5727BE3C)
    (at 57.5 154 270)
    (descr "Capacitor SMD 0402, reflow soldering, AVX (see smccp.pdf)")
    (tags "capacitor 0402")
    (path /56E83598/56E8F3FE)
    (attr smd)
    (fp_text reference C25 (at -2.515 -1.015 270) (layer F.SilkS)
      (effects (font (size 1 1) (thickness 0.15)))
    )
    (fp_text value 1uF (at 0 1.7 270) (layer F.Fab) hide
      (effects (font (size 1 1) (thickness 0.15)))
    )
    (fp_line (start -1.15 -0.6) (end 1.15 -0.6) (layer F.CrtYd) (width 0.05))
    (fp_line (start -1.15 0.6) (end 1.15 0.6) (layer F.CrtYd) (width 0.05))
    (fp_line (start -1.15 -0.6) (end -1.15 0.6) (layer F.CrtYd) (width 0.05))
    (fp_line (start 1.15 -0.6) (end 1.15 0.6) (layer F.CrtYd) (width 0.05))
    (fp_line (start 0.25 -0.475) (end -0.25 -0.475) (layer F.SilkS) (width 0.15))
    (fp_line (start -0.25 0.475) (end 0.25 0.475) (layer F.SilkS) (width 0.15))
    (pad 1 smd rect (at -0.55 0 270) (size 0.6 0.5) (layers F.Cu F.Paste F.Mask)
      (net 18 /Motors/LSS))
    (pad 2 smd rect (at 0.55 0 270) (size 0.6 0.5) (layers F.Cu F.Paste F.Mask)
      (net 19 /Motors/VREG1))
    (model Capacitors_SMD.3dshapes/C_0402.wrl
      (at (xyz 0 0 0))
      (scale (xyz 1 1 1))
      (rotate (xyz 0 0 0))
    )
  )

  (module Capacitors_SMD:C_0402 (layer F.Cu) (tedit 5734C7D7) (tstamp 5727BE42)
    (at 79 158.75 270)
    (descr "Capacitor SMD 0402, reflow soldering, AVX (see smccp.pdf)")
    (tags "capacitor 0402")
    (path /56E83598/56E8F457)
    (attr smd)
